use FeatureCountSets;
use Array;
impl FeatureCountSets {
pub fn load_trained_score_params() -> FeatureCountSets {
FeatureCountSets {
hairpin_loop_length_counts: [0.0011551135, 0.10948991, 0.024110563, -0.10300637, -0.06161636, -0.07784546, 0.079961695, -0.098821856, -0.0884479, -0.10184246, -0.10403843, -0.10278196, -0.11045648, -0.11025892, -0.10930311, -0.11021211, -0.10827595, -0.10763449, -0.10515573, -0.108017944, -0.10957419, -0.10802215, -0.10842268, -0.10848547, -0.107631296, -0.10754753, -0.08599154, -0.10578791],
bulge_loop_length_counts: [0.106196046, 0.0075936653, -0.049207218, 0.011716295, -0.052738708, -0.09865624, -0.09435326, -0.09819121, -0.08885514, -0.07358112, -0.06004363, -0.06682047, -0.057018396, -0.06060551, -0.055973638, -0.057172574, -0.053936396, -0.05230924, -0.039182115, -0.033302724, -0.03159463, -0.03246109, -0.025427809, -0.032692865, -0.024359535, -0.019911217, -0.035077803, -0.024704758, -0.012547288, -0.016501645],
interior_loop_length_count_mat: [[0.109385744, 0.09971164, 0.052420266, 0.07454571, -0.11457861, -0.109225065, -0.09911521, -0.094458014, -0.09579547, -0.08727088, -0.06993132, -0.051966026, -0.064122304, -0.046324164, -0.05727426, -0.05165913, -0.05770379, -0.047625348, -0.037081823, -0.026825184, -0.026912546, -0.031627435, -0.026290908, -0.02204531, -0.028324928, -0.018151179, -0.01401071, -0.024037873, -0.014462042], [0.09971164, 0.0975785, -0.020790372, -0.0104185585, -0.0804049, -0.11223129, -0.10729325, -0.098266914, -0.09064628, -0.092517965, -0.08034788, -0.063454926, -0.048386548, -0.05399801, -0.035518426, -0.051888436, -0.051117938, -0.05592182, -0.04355599, -0.028965954, -0.019745061, -0.025637286, -0.032009643, -0.023039244, -0.020728907, -0.023322575, -0.012105055, -0.009538608, 0.0], [0.052420266, -0.020790372, 0.09448111, -0.10143971, -0.022865355, -0.091577016, 0.019150281, -0.061371125, -0.096080616, -0.08818709, -0.08823553, -0.072094366, -0.057694342, -0.044330068, -0.04498831, -0.04283011, -0.057428397, -0.049618147, -0.054428704, -0.04026749, -0.022919936, -0.017883273, -0.024893606, -0.033970587, -0.029098297, -0.01788476, -0.013458181, 0.0, 0.0], [0.07454571, -0.0104185585, -0.10143971, -0.02369298, -0.0182617, -0.09035653, -0.09636945, -0.10929555, -0.059815712, -0.092493646, -0.08386942, -0.0830876, -0.0674445, -0.04827446, -0.06272207, -0.052459653, -0.049848933, -0.055352937, -0.042465292, -0.053013355, -0.03421976, -0.02114126, -0.016136397, -0.02633695, -0.03229952, -0.02665016, 0.0, 0.0, 0.0], [-0.11457861, -0.0804049, -0.022865355, -0.0182617, -0.11781342, -0.11688914, -0.11526022, -0.11188078, -0.10702727, -0.09899219, -0.088165775, -0.07832386, -0.076872334, -0.066647634, -0.044057608, -0.07298142, -0.058178015, -0.05314239, -0.05245656, -0.03820023, -0.050636213, -0.028446682, -0.02072046, -0.015516744, -0.024123628, 0.0, 0.0, 0.0, 0.0], [-0.109225065, -0.11223129, -0.091577016, -0.09035653, -0.11688914, -0.11307288, -0.09700866, -0.07167927, -0.09545116, -0.10528011, -0.09514307, -0.0835146, -0.07095568, -0.06821718, -0.06408179, -0.04448938, -0.075457625, -0.057954077, -0.054752287, -0.049341813, -0.036998246, -0.045532364, -0.021056997, -0.01613092, 0.0, 0.0, 0.0, 0.0, 0.0], [-0.09911521, -0.10729325, 0.019150281, -0.09636945, -0.11526022, -0.09700866, -0.11343011, -0.11040803, -0.066664204, -0.10796136, -0.10219332, -0.09216426, -0.0786083, -0.06926133, -0.06201365, -0.06094335, -0.04412422, -0.07486083, -0.05381676, -0.0541857, -0.051084183, -0.031613674, -0.032993924, 0.0, 0.0, 0.0, 0.0, 0.0, 0.0], [-0.094458014, -0.098266914, -0.061371125, -0.10929555, -0.11188078, -0.07167927, -0.11040803, -0.11193323, -0.11362954, -0.112626776, -0.106295936, -0.098394044, -0.0883469, -0.07352949, -0.065092824, -0.058282476, -0.055264346, -0.0380838, -0.06864736, -0.04907039, -0.053996637, -0.040462013, 0.0, 0.0, 0.0, 0.0, 0.0, 0.0, 0.0], [-0.09579547, -0.09064628, -0.096080616, -0.059815712, -0.10702727, -0.09545116, -0.066664204, -0.11362954, -0.08264693, -0.113082334, -0.11208654, -0.105523124, -0.095354386, -0.083327726, -0.06778662, -0.059270553, -0.051839583, -0.0485327, -0.027638944, -0.056074496, -0.03363231, 0.0, 0.0, 0.0, 0.0, 0.0, 0.0, 0.0, 0.0], [-0.08727088, -0.092517965, -0.08818709, -0.092493646, -0.09899219, -0.10528011, -0.10796136, -0.112626776, -0.113082334, -0.09601292, -0.11222492, -0.11115626, -0.10390088, -0.092218824, -0.07815348, -0.06384276, -0.05316129, -0.03951256, -0.03525993, -0.018008338, 0.0, 0.0, 0.0, 0.0, 0.0, 0.0, 0.0, 0.0, 0.0], [-0.06993132, -0.08034788, -0.08823553, -0.08386942, -0.088165775, -0.09514307, -0.10219332, -0.106295936, -0.11208654, -0.11222492, -0.107081406, -0.11115292, -0.110071115, -0.10223462, -0.08857458, -0.07514901, -0.056001287, -0.04104806, -0.029014934, 0.0, 0.0, 0.0, 0.0, 0.0, 0.0, 0.0, 0.0, 0.0, 0.0], [-0.051966026, -0.063454926, -0.072094366, -0.0830876, -0.07832386, -0.0835146, -0.09216426, -0.098394044, -0.105523124, -0.11115626, -0.11115292, -0.10507093, -0.10931707, -0.1071602, -0.10028535, -0.08325177, -0.06701864, -0.03841855, 0.0, 0.0, 0.0, 0.0, 0.0, 0.0, 0.0, 0.0, 0.0, 0.0, 0.0], [-0.064122304, -0.048386548, -0.057694342, -0.0674445, -0.076872334, -0.07095568, -0.0786083, -0.0883469, -0.095354386, -0.10390088, -0.110071115, -0.10931707, -0.10358161, -0.1075173, -0.10417423, -0.09638752, -0.06738964, 0.0, 0.0, 0.0, 0.0, 0.0, 0.0, 0.0, 0.0, 0.0, 0.0, 0.0, 0.0], [-0.046324164, -0.05399801, -0.044330068, -0.04827446, -0.066647634, -0.06821718, -0.06926133, -0.07352949, -0.083327726, -0.092218824, -0.10223462, -0.1071602, -0.1075173, -0.10025041, -0.104913816, -0.09845422, 0.0, 0.0, 0.0, 0.0, 0.0, 0.0, 0.0, 0.0, 0.0, 0.0, 0.0, 0.0, 0.0], [-0.05727426, -0.035518426, -0.04498831, -0.06272207, -0.044057608, -0.06408179, -0.06201365, -0.065092824, -0.06778662, -0.07815348, -0.08857458, -0.10028535, -0.10417423, -0.104913816, -0.09591818, 0.0, 0.0, 0.0, 0.0, 0.0, 0.0, 0.0, 0.0, 0.0, 0.0, 0.0, 0.0, 0.0, 0.0], [-0.05165913, -0.051888436, -0.04283011, -0.052459653, -0.07298142, -0.04448938, -0.06094335, -0.058282476, -0.059270553, -0.06384276, -0.07514901, -0.08325177, -0.09638752, -0.09845422, 0.0, 0.0, 0.0, 0.0, 0.0, 0.0, 0.0, 0.0, 0.0, 0.0, 0.0, 0.0, 0.0, 0.0, 0.0], [-0.05770379, -0.051117938, -0.057428397, -0.049848933, -0.058178015, -0.075457625, -0.04412422, -0.055264346, -0.051839583, -0.05316129, -0.056001287, -0.06701864, -0.06738964, 0.0, 0.0, 0.0, 0.0, 0.0, 0.0, 0.0, 0.0, 0.0, 0.0, 0.0, 0.0, 0.0, 0.0, 0.0, 0.0], [-0.047625348, -0.05592182, -0.049618147, -0.055352937, -0.05314239, -0.057954077, -0.07486083, -0.0380838, -0.0485327, -0.03951256, -0.04104806, -0.03841855, 0.0, 0.0, 0.0, 0.0, 0.0, 0.0, 0.0, 0.0, 0.0, 0.0, 0.0, 0.0, 0.0, 0.0, 0.0, 0.0, 0.0], [-0.037081823, -0.04355599, -0.054428704, -0.042465292, -0.05245656, -0.054752287, -0.05381676, -0.06864736, -0.027638944, -0.03525993, -0.029014934, 0.0, 0.0, 0.0, 0.0, 0.0, 0.0, 0.0, 0.0, 0.0, 0.0, 0.0, 0.0, 0.0, 0.0, 0.0, 0.0, 0.0, 0.0], [-0.026825184, -0.028965954, -0.04026749, -0.053013355, -0.03820023, -0.049341813, -0.0541857, -0.04907039, -0.056074496, -0.018008338, 0.0, 0.0, 0.0, 0.0, 0.0, 0.0, 0.0, 0.0, 0.0, 0.0, 0.0, 0.0, 0.0, 0.0, 0.0, 0.0, 0.0, 0.0, 0.0], [-0.026912546, -0.019745061, -0.022919936, -0.03421976, -0.050636213, -0.036998246, -0.051084183, -0.053996637, -0.03363231, 0.0, 0.0, 0.0, 0.0, 0.0, 0.0, 0.0, 0.0, 0.0, 0.0, 0.0, 0.0, 0.0, 0.0, 0.0, 0.0, 0.0, 0.0, 0.0, 0.0], [-0.031627435, -0.025637286, -0.017883273, -0.02114126, -0.028446682, -0.045532364, -0.031613674, -0.040462013, 0.0, 0.0, 0.0, 0.0, 0.0, 0.0, 0.0, 0.0, 0.0, 0.0, 0.0, 0.0, 0.0, 0.0, 0.0, 0.0, 0.0, 0.0, 0.0, 0.0, 0.0], [-0.026290908, -0.032009643, -0.024893606, -0.016136397, -0.02072046, -0.021056997, -0.032993924, 0.0, 0.0, 0.0, 0.0, 0.0, 0.0, 0.0, 0.0, 0.0, 0.0, 0.0, 0.0, 0.0, 0.0, 0.0, 0.0, 0.0, 0.0, 0.0, 0.0, 0.0, 0.0], [-0.02204531, -0.023039244, -0.033970587, -0.02633695, -0.015516744, -0.01613092, 0.0, 0.0, 0.0, 0.0, 0.0, 0.0, 0.0, 0.0, 0.0, 0.0, 0.0, 0.0, 0.0, 0.0, 0.0, 0.0, 0.0, 0.0, 0.0, 0.0, 0.0, 0.0, 0.0], [-0.028324928, -0.020728907, -0.029098297, -0.03229952, -0.024123628, 0.0, 0.0, 0.0, 0.0, 0.0, 0.0, 0.0, 0.0, 0.0, 0.0, 0.0, 0.0, 0.0, 0.0, 0.0, 0.0, 0.0, 0.0, 0.0, 0.0, 0.0, 0.0, 0.0, 0.0], [-0.018151179, -0.023322575, -0.01788476, -0.02665016, 0.0, 0.0, 0.0, 0.0, 0.0, 0.0, 0.0, 0.0, 0.0, 0.0, 0.0, 0.0, 0.0, 0.0, 0.0, 0.0, 0.0, 0.0, 0.0, 0.0, 0.0, 0.0, 0.0, 0.0, 0.0], [-0.01401071, -0.012105055, -0.013458181, 0.0, 0.0, 0.0, 0.0, 0.0, 0.0, 0.0, 0.0, 0.0, 0.0, 0.0, 0.0, 0.0, 0.0, 0.0, 0.0, 0.0, 0.0, 0.0, 0.0, 0.0, 0.0, 0.0, 0.0, 0.0, 0.0], [-0.024037873, -0.009538608, 0.0, 0.0, 0.0, 0.0, 0.0, 0.0, 0.0, 0.0, 0.0, 0.0, 0.0, 0.0, 0.0, 0.0, 0.0, 0.0, 0.0, 0.0, 0.0, 0.0, 0.0, 0.0, 0.0, 0.0, 0.0, 0.0, 0.0], [-0.014462042, 0.0, 0.0, 0.0, 0.0, 0.0, 0.0, 0.0, 0.0, 0.0, 0.0, 0.0, 0.0, 0.0, 0.0, 0.0, 0.0, 0.0, 0.0, 0.0, 0.0, 0.0, 0.0, 0.0, 0.0, 0.0, 0.0, 0.0, 0.0]],
stack_count_mat: [[[[0.0, 0.0, 0.0, 0.0], [0.0, 0.0, 0.0, 0.0], [0.0, 0.0, 0.0, 0.0], [0.0, 0.0, 0.0, 0.0]], [[0.0, 0.0, 0.0, 0.0], [0.0, 0.0, 0.0, 0.0], [0.0, 0.0, 0.0, 0.0], [0.0, 0.0, 0.0, 0.0]], [[0.0, 0.0, 0.0, 0.0], [0.0, 0.0, 0.0, 0.0], [0.0, 0.0, 0.0, 0.0], [0.0, 0.0, 0.0, 0.0]], [[0.0, 0.0, 0.0, 0.11004144], [0.0, 0.0, 0.112139, 0.0], [0.0, 0.11244367, 0.0, 0.103355974], [0.112391666, 0.0, 0.08822356, 0.0]]], [[[0.0, 0.0, 0.0, 0.0], [0.0, 0.0, 0.0, 0.0], [0.0, 0.0, 0.0, 0.0], [0.0, 0.0, 0.0, 0.0]], [[0.0, 0.0, 0.0, 0.0], [0.0, 0.0, 0.0, 0.0], [0.0, 0.0, 0.0, 0.0], [0.0, 0.0, 0.0, 0.0]], [[0.0, 0.0, 0.0, 0.11203316], [0.0, 0.0, 0.112894386, 0.0], [0.0, 0.10813211, 0.0, 0.092221595], [0.11244367, 0.0, 0.11073281, 0.0]], [[0.0, 0.0, 0.0, 0.0], [0.0, 0.0, 0.0, 0.0], [0.0, 0.0, 0.0, 0.0], [0.0, 0.0, 0.0, 0.0]]], [[[0.0, 0.0, 0.0, 0.0], [0.0, 0.0, 0.0, 0.0], [0.0, 0.0, 0.0, 0.0], [0.0, 0.0, 0.0, 0.0]], [[0.0, 0.0, 0.0, 0.11246026], [0.0, 0.0, 0.1121676, 0.0], [0.0, 0.112894386, 0.0, 0.10909072], [0.112139, 0.0, 0.10571663, 0.0]], [[0.0, 0.0, 0.0, 0.0], [0.0, 0.0, 0.0, 0.0], [0.0, 0.0, 0.0, 0.0], [0.0, 0.0, 0.0, 0.0]], [[0.0, 0.0, 0.0, 0.10809351], [0.0, 0.0, 0.10571663, 0.0], [0.0, 0.11073281, 0.0, 0.048228826], [0.08822356, 0.0, -0.017170817, 0.0]]], [[[0.0, 0.0, 0.0, 0.11097602], [0.0, 0.0, 0.11246026, 0.0], [0.0, 0.11203316, 0.0, 0.10167916], [0.11004144, 0.0, 0.10809351, 0.0]], [[0.0, 0.0, 0.0, 0.0], [0.0, 0.0, 0.0, 0.0], [0.0, 0.0, 0.0, 0.0], [0.0, 0.0, 0.0, 0.0]], [[0.0, 0.0, 0.0, 0.10167916], [0.0, 0.0, 0.10909072, 0.0], [0.0, 0.092221595, 0.0, 0.08620477], [0.103355974, 0.0, 0.048228826, 0.0]], [[0.0, 0.0, 0.0, 0.0], [0.0, 0.0, 0.0, 0.0], [0.0, 0.0, 0.0, 0.0], [0.0, 0.0, 0.0, 0.0]]]],
hairpin_loop_terminal_mismatch_count_mat: [[[[0.0, 0.0, 0.0, 0.0], [0.0, 0.0, 0.0, 0.0], [0.0, 0.0, 0.0, 0.0], [0.0, 0.0, 0.0, 0.0]], [[0.0, 0.0, 0.0, 0.0], [0.0, 0.0, 0.0, 0.0], [0.0, 0.0, 0.0, 0.0], [0.0, 0.0, 0.0, 0.0]], [[0.0, 0.0, 0.0, 0.0], [0.0, 0.0, 0.0, 0.0], [0.0, 0.0, 0.0, 0.0], [0.0, 0.0, 0.0, 0.0]], [[-0.10784474, 0.027727047, -0.0048010857, -0.09263238], [-0.09944955, -0.09646836, -0.0700552, 0.0075830524], [0.05822837, -0.10220974, -0.09790174, -0.103731066], [0.05982435, 0.014918748, 0.10390876, -0.015090276]]], [[[0.0, 0.0, 0.0, 0.0], [0.0, 0.0, 0.0, 0.0], [0.0, 0.0, 0.0, 0.0], [0.0, 0.0, 0.0, 0.0]], [[0.0, 0.0, 0.0, 0.0], [0.0, 0.0, 0.0, 0.0], [0.0, 0.0, 0.0, 0.0], [0.0, 0.0, 0.0, 0.0]], [[-0.08855664, 0.10561038, -0.08785738, -0.0088907285], [-0.0074323774, 0.08018448, 0.03699837, -0.08232503], [0.0013756178, 0.096057236, 0.03594307, 0.019618118], [-0.089664616, 0.08613933, 0.104666695, 0.023941688]], [[0.0, 0.0, 0.0, 0.0], [0.0, 0.0, 0.0, 0.0], [0.0, 0.0, 0.0, 0.0], [0.0, 0.0, 0.0, 0.0]]], [[[0.0, 0.0, 0.0, 0.0], [0.0, 0.0, 0.0, 0.0], [0.0, 0.0, 0.0, 0.0], [0.0, 0.0, 0.0, 0.0]], [[-0.06553125, -0.052754965, -0.04572959, -0.11171849], [0.10369933, -0.109434254, -0.07612341, 0.07833745], [0.0153400395, -0.107497536, -0.09275024, -0.10891593], [-0.045412414, -0.10409941, 0.0074997353, -0.04760807]], [[0.0, 0.0, 0.0, 0.0], [0.0, 0.0, 0.0, 0.0], [0.0, 0.0, 0.0, 0.0], [0.0, 0.0, 0.0, 0.0]], [[-0.103929564, -0.10382049, -0.104089744, -0.105843544], [0.034692816, -0.071778625, -0.05535256, -0.09760169], [-0.021385603, -0.097451776, -0.093814164, -0.098156095], [-0.10621489, -0.10129564, 0.0629709, -0.10025947]]], [[[-0.065274216, -0.06695823, -0.10338724, -0.0340233], [-0.106307805, -0.040752273, -0.09004238, -0.058769006], [-0.045088336, -0.10844559, -0.025685828, -0.063147634], [-0.102096364, -0.063388035, -0.10576847, -0.04835842]], [[0.0, 0.0, 0.0, 0.0], [0.0, 0.0, 0.0, 0.0], [0.0, 0.0, 0.0, 0.0], [0.0, 0.0, 0.0, 0.0]], [[-0.1056998, 0.012933615, -0.01974847, -0.08263354], [-0.10440199, -0.09641002, 0.035488207, -0.10400931], [-0.10550438, -0.10221114, -0.102977894, 0.054255955], [-0.10608765, -0.08325577, 0.011174675, -0.091833144]], [[0.0, 0.0, 0.0, 0.0], [0.0, 0.0, 0.0, 0.0], [0.0, 0.0, 0.0, 0.0], [0.0, 0.0, 0.0, 0.0]]]],
interior_loop_terminal_mismatch_count_mat: [[[[0.0, 0.0, 0.0, 0.0], [0.0, 0.0, 0.0, 0.0], [0.0, 0.0, 0.0, 0.0], [0.0, 0.0, 0.0, 0.0]], [[0.0, 0.0, 0.0, 0.0], [0.0, 0.0, 0.0, 0.0], [0.0, 0.0, 0.0, 0.0], [0.0, 0.0, 0.0, 0.0]], [[0.0, 0.0, 0.0, 0.0], [0.0, 0.0, 0.0, 0.0], [0.0, 0.0, 0.0, 0.0], [0.0, 0.0, 0.0, 0.0]], [[0.08344172, 0.083145805, 0.050551783, -0.099632725], [0.070076324, 0.10426648, -0.04153277, 0.081849545], [0.0046414468, -0.017564872, 0.06076017, -0.09738083], [-0.0000691864, 0.09650723, -0.005226175, 0.05900414]]], [[[0.0, 0.0, 0.0, 0.0], [0.0, 0.0, 0.0, 0.0], [0.0, 0.0, 0.0, 0.0], [0.0, 0.0, 0.0, 0.0]], [[0.0, 0.0, 0.0, 0.0], [0.0, 0.0, 0.0, 0.0], [0.0, 0.0, 0.0, 0.0], [0.0, 0.0, 0.0, 0.0]], [[0.08110551, 0.10224197, -0.032778144, -0.030211277], [0.06636189, 0.079610094, 0.020946017, 0.06973179], [-0.008454808, -0.003059254, 0.07189287, 0.08868367], [-0.09209842, 0.10144083, -0.08168225, 0.03294949]], [[0.0, 0.0, 0.0, 0.0], [0.0, 0.0, 0.0, 0.0], [0.0, 0.0, 0.0, 0.0], [0.0, 0.0, 0.0, 0.0]]], [[[0.0, 0.0, 0.0, 0.0], [0.0, 0.0, 0.0, 0.0], [0.0, 0.0, 0.0, 0.0], [0.0, 0.0, 0.0, 0.0]], [[0.07021874, 0.09950101, 0.009026444, -0.029305303], [0.0821989, 0.10470946, -0.095962994, 0.088985875], [0.036253616, -0.01760044, 0.082594365, 0.0029739265], [-0.084075086, 0.10433531, -0.0064709354, 0.09527804]], [[0.0, 0.0, 0.0, 0.0], [0.0, 0.0, 0.0, 0.0], [0.0, 0.0, 0.0, 0.0], [0.0, 0.0, 0.0, 0.0]], [[0.04796742, 0.039907522, 0.052403413, -0.10184763], [0.0598661, 0.08487918, -0.079034895, 0.048365597], [0.060942713, -0.064478576, 0.009887142, -0.0142009435], [0.0023856417, -0.010321383, -0.08441851, 0.0146337]]], [[[-0.0654775, 0.090515755, 0.061859753, 0.011220985], [0.08145321, 0.101515666, 0.014120321, 0.08768983], [-0.041611113, -0.06960069, 0.021282349, -0.049462236], [0.03614935, 0.06731933, -0.059709698, 0.0650105]], [[0.0, 0.0, 0.0, 0.0], [0.0, 0.0, 0.0, 0.0], [0.0, 0.0, 0.0, 0.0], [0.0, 0.0, 0.0, 0.0]], [[-0.10922999, 0.0704996, -0.077059746, -0.09864843], [0.07988178, -0.10418218, -0.035646334, -0.031675737], [-0.046557307, 0.028295565, 0.054316595, -0.023373153], [-0.047664147, 0.07939882, -0.07031716, 0.038656533]], [[0.0, 0.0, 0.0, 0.0], [0.0, 0.0, 0.0, 0.0], [0.0, 0.0, 0.0, 0.0], [0.0, 0.0, 0.0, 0.0]]]],
multi_loop_terminal_mismatch_count_mat: [[[[0.0, 0.0, 0.0, 0.0], [0.0, 0.0, 0.0, 0.0], [0.0, 0.0, 0.0, 0.0], [0.0, 0.0, 0.0, 0.0]], [[0.0, 0.0, 0.0, 0.0], [0.0, 0.0, 0.0, 0.0], [0.0, 0.0, 0.0, 0.0], [0.0, 0.0, 0.0, 0.0]], [[0.0, 0.0, 0.0, 0.0], [0.0, 0.0, 0.0, 0.0], [0.0, 0.0, 0.0, 0.0], [0.0, 0.0, 0.0, 0.0]], [[-0.06764034, -0.069167055, -0.09910539, -0.09649473], [-0.093536906, -0.074831754, -0.101625144, -0.091269374], [-0.087971956, -0.09527349, -0.08713607, -0.09231353], [-0.09260847, -0.035129648, -0.0903515, -0.091048844]]], [[[0.0, 0.0, 0.0, 0.0], [0.0, 0.0, 0.0, 0.0], [0.0, 0.0, 0.0, 0.0], [0.0, 0.0, 0.0, 0.0]], [[0.0, 0.0, 0.0, 0.0], [0.0, 0.0, 0.0, 0.0], [0.0, 0.0, 0.0, 0.0], [0.0, 0.0, 0.0, 0.0]], [[0.09956813, 0.0028428743, -0.101198144, -0.09497605], [0.10117688, -0.075955145, -0.101648, 0.052020144], [-0.08581369, -0.044499878, -0.08363566, -0.035863392], [-0.08941144, -0.06926958, -0.08912237, -0.09074201]], [[0.0, 0.0, 0.0, 0.0], [0.0, 0.0, 0.0, 0.0], [0.0, 0.0, 0.0, 0.0], [0.0, 0.0, 0.0, 0.0]]], [[[0.0, 0.0, 0.0, 0.0], [0.0, 0.0, 0.0, 0.0], [0.0, 0.0, 0.0, 0.0], [0.0, 0.0, 0.0, 0.0]], [[0.10248498, 0.03146683, -0.09821787, -0.07627704], [-0.09376494, -0.06642248, -0.09738877, -0.09825858], [-0.08222709, -0.10550575, 0.033838376, -0.08328635], [-0.09650273, -0.078757256, -0.090165734, -0.09645694]], [[0.0, 0.0, 0.0, 0.0], [0.0, 0.0, 0.0, 0.0], [0.0, 0.0, 0.0, 0.0], [0.0, 0.0, 0.0, 0.0]], [[-0.028388882, -0.080117546, -0.080108754, -0.09113225], [-0.080665536, -0.070329964, -0.095007874, -0.078485385], [-0.07363723, -0.08763272, -0.087135546, -0.08744989], [-0.08401392, -0.061233226, -0.06375937, -0.051209938]]], [[[-0.061637245, -0.09570512, -0.09728385, -0.09756676], [-0.09396025, -0.08695711, -0.09602788, -0.08219271], [-0.09392106, -0.100738704, -0.08787681, -0.09740118], [-0.09799053, -0.09277834, -0.09300242, -0.048003945]], [[0.0, 0.0, 0.0, 0.0], [0.0, 0.0, 0.0, 0.0], [0.0, 0.0, 0.0, 0.0], [0.0, 0.0, 0.0, 0.0]], [[-0.090463474, -0.089258954, -0.091851875, -0.096245326], [-0.09060027, -0.06968511, -0.09333877, -0.016180634], [0.10189501, -0.09346613, -0.07719589, -0.007910005], [-0.094844416, -0.0688764, -0.08563757, 0.01815788]], [[0.0, 0.0, 0.0, 0.0], [0.0, 0.0, 0.0, 0.0], [0.0, 0.0, 0.0, 0.0], [0.0, 0.0, 0.0, 0.0]]]],
external_loop_left_terminal_mismatch_count_mat: [[[0.0, 0.0, 0.0, 0.0], [0.0, 0.0, 0.0, 0.0], [0.0, 0.0, 0.0, 0.0], [-0.098846324, 0.07824426, 0.0029637425, -0.096316785]], [[0.0, 0.0, 0.0, 0.0], [0.0, 0.0, 0.0, 0.0], [-0.11303316, -0.06716031, -0.036779106, 0.09888073], [0.0, 0.0, 0.0, 0.0]], [[0.0, 0.0, 0.0, 0.0], [0.0477078, 0.03081243, 0.09399966, -0.11494869], [0.0, 0.0, 0.0, 0.0], [-0.105696775, 0.039638855, -0.057607025, -0.10844358]], [[0.011839672, -0.08749938, -0.09155997, -0.06465702], [0.0, 0.0, 0.0, 0.0], [-0.042272337, -0.028166866, -0.10507275, -0.06373674], [0.0, 0.0, 0.0, 0.0]]],
external_loop_right_terminal_mismatch_count_mat: [[[0.0, 0.0, 0.0, 0.0], [0.0, 0.0, 0.0, 0.0], [0.0, 0.0, 0.0, 0.0], [-0.095449165, -0.033232898, 0.02687729, -0.051733084]], [[0.0, 0.0, 0.0, 0.0], [0.0, 0.0, 0.0, 0.0], [0.081843704, -0.072502226, 0.07045563, -0.10396582], [0.0, 0.0, 0.0, 0.0]], [[0.0, 0.0, 0.0, 0.0], [-0.10510121, 0.040038582, -0.08616945, 0.0987183], [0.0, 0.0, 0.0, 0.0], [-0.10807833, -0.109661855, 0.04801506, -0.08419351]], [[-0.03727002, -0.099640615, -0.08681249, -0.04183596], [0.0, 0.0, 0.0, 0.0], [-0.05260702, -0.10423565, -0.005702744, -0.08757363], [0.0, 0.0, 0.0, 0.0]]],
helix_end_count_mat: [[0.0, 0.0, 0.0, 0.017742878], [0.0, 0.0, 0.10243235, 0.0], [0.0, 0.10019582, 0.0, -0.045795962], [-0.01568025, 0.0, 0.05065347, 0.0]],
multi_loop_base_count: -0.101598576,
multi_loop_accessible_basepairing_count: -0.068397254,
basepair_align_count_mat: [[[[0.0, 0.0, 0.0, 0.0], [0.0, 0.0, 0.0, 0.0], [0.0, 0.0, 0.0, 0.0], [0.0, 0.0, 0.0, 0.0]], [[0.0, 0.0, 0.0, 0.0], [0.0, 0.0, 0.0, 0.0], [0.0, 0.0, 0.0, 0.0], [0.0, 0.0, 0.0, 0.0]], [[0.0, 0.0, 0.0, 0.0], [0.0, 0.0, 0.0, 0.0], [0.0, 0.0, 0.0, 0.0], [0.0, 0.0, 0.0, 0.0]], [[0.0, 0.0, 0.0, 0.112149425], [0.0, 0.0, -0.061228447, 0.0], [0.0, 0.095065266, 0.0, -0.08406489], [-0.05323804, 0.0, -0.10816045, 0.0]]], [[[0.0, 0.0, 0.0, 0.0], [0.0, 0.0, 0.0, 0.0], [0.0, 0.0, 0.0, 0.0], [0.0, 0.0, 0.0, 0.0]], [[0.0, 0.0, 0.0, 0.0], [0.0, 0.0, 0.0, 0.0], [0.0, 0.0, 0.0, 0.0], [0.0, 0.0, 0.0, 0.0]], [[0.0, 0.0, 0.0, -0.061228447], [0.0, 0.0, 0.11250864, 0.0], [0.0, 0.054712106, 0.0, -0.099962965], [0.094662935, 0.0, 0.016668422, 0.0]], [[0.0, 0.0, 0.0, 0.0], [0.0, 0.0, 0.0, 0.0], [0.0, 0.0, 0.0, 0.0], [0.0, 0.0, 0.0, 0.0]]], [[[0.0, 0.0, 0.0, 0.0], [0.0, 0.0, 0.0, 0.0], [0.0, 0.0, 0.0, 0.0], [0.0, 0.0, 0.0, 0.0]], [[0.0, 0.0, 0.0, 0.095065266], [0.0, 0.0, 0.054712106, 0.0], [0.0, 0.11200474, 0.0, -0.026138432], [-0.08977682, 0.0, -0.075949155, 0.0]], [[0.0, 0.0, 0.0, 0.0], [0.0, 0.0, 0.0, 0.0], [0.0, 0.0, 0.0, 0.0], [0.0, 0.0, 0.0, 0.0]], [[0.0, 0.0, 0.0, -0.08406489], [0.0, 0.0, -0.099962965, 0.0], [0.0, -0.026138432, 0.0, 0.11178167], [-0.04862392, 0.0, -0.09372651, 0.0]]], [[[0.0, 0.0, 0.0, -0.05323804], [0.0, 0.0, 0.094662935, 0.0], [0.0, -0.08977682, 0.0, -0.04862392], [0.11289792, 0.0, 0.040695436, 0.0]], [[0.0, 0.0, 0.0, 0.0], [0.0, 0.0, 0.0, 0.0], [0.0, 0.0, 0.0, 0.0], [0.0, 0.0, 0.0, 0.0]], [[0.0, 0.0, 0.0, -0.10816045], [0.0, 0.0, 0.016668422, 0.0], [0.0, -0.075949155, 0.0, -0.09372651], [0.040695436, 0.0, 0.106568284, 0.0]], [[0.0, 0.0, 0.0, 0.0], [0.0, 0.0, 0.0, 0.0], [0.0, 0.0, 0.0, 0.0], [0.0, 0.0, 0.0, 0.0]]]],
loop_align_count_mat: [[0.11227828, -0.08379794, 0.09789169, -0.055975378], [-0.08379794, 0.1133452, -0.09155895, 0.10464881], [0.09789169, -0.09155895, 0.11336112, -0.088744186], [-0.055975378, 0.10464881, -0.088744186, 0.112415515]],
opening_gap_count: -0.11313263,
extending_gap_count: -0.11111917,
moment_vec: Array::from(Vec::new()),
velocity_vec: Array::from(Vec::new()),
curr_beta_1: 0.,
curr_beta_2: 0.,
}
}
}